4294967278,37
4294967278,36
4294967278,35
4294967278,34
4294967279,413
4294967279,290
4294967278,46
4294967278,45
4294967278,44
4294967278,43
4294967278,42
4294967278,41
4294967278,40
4294967278,39
4294967278,38
4294967279,282
4294967279,364
4294967279,270
4294967279,280
4294967279,268
4294967279,267
4294967279,285
4294967279,265
4294967279,284
4294967279,279
4294967279,262
4294967278,260
4294967278,174
4294967278,62
4294967278,61
4294967278,60
4294967278,59
4294967278,58
4294967278,57
4294967278,56
4294967278,55
4294967278,54
4294967278,53
4294967278,52
4294967278,51
4294967278,50
4294967278,49
4294967278,48
4294967278,47
4294967279,87
4294967279,86
4294967279,84
4294967279,81
4294967279,80
4294967279,79
4294967279,78
4294967279,77
4294967279,75
4294967279,74
4294967279,73
4294967279,72
4294967279,69
4294967279,67
4294967279,66
4294967279,64
4294967279,63
4294967279,62
4294967279,61
4294967279,60
4294967279,58
4294967279,55
4294967279,54
4294967279,53
4294967279,52
4294967279,412
4294967279,259
4294967294,30
4294967294,944
4294967294,943
4294967294,941
4294967294,940
4294967294,935
4294967294,924
4294967294,896
4294967294,831
4294967294,830
4294967294,829
4294967294,828
4294967294,60
4294967294,12
4294967294,18
4294967294,127
4294967294,14
4294967294,126
4294967294,20
4294967294,13
4294967279,256
4294967278,527
4294967278,525
4294967278,553
4294967294,10
4294967294,967
4294967294,965
4294967294,964
4294967294,963
4294967294,961
4294967294,960
4294967294,918
4294967294,917
4294967294,916
4294967294,915
4294967294,913
4294967294,911
4294967294,910
4294967294,909
4294967294,907
4294967294,905
4294967294,902
4294967294,901
4294967294,899
4294967294,421
4294967294,401
4294967294,190
4294967294,182
4294967294,176
4294967294,173
4294967294,170
4294967294,163
4294967294,162
4294967294,11
4294967278,552
4294967294,115
4294967278,341
4294967278,254
4294967278,253
4294967278,250
4294967278,251
4294967278,249
4294967278,245
4294967278,243
4294967278,235
4294967278,240
4294967278,241
4294967278,238
4294967278,237
4294967278,519
4294967279,411
4294967279,346
4294967278,236
4294967278,232
4294967278,226
167,6
4294967278,230
167,5
167,4
4294967278,228
167,3
167,2
167,1
4294967278,227
4294967278,334
4294967278,223
4294967278,221
4294967278,218
4294967278,216
4294967278,217
4294967278,214
4294967278,213
4294967278,210
4294967278,212
4294967278,211
4294967278,516
4294967278,0
4294967279,385
4294967279,309
4294967279,50
4294967279,306
4294967279,48
4294967279,307
4294967279,47
4294967279,45
4294967279,43
4294967279,42
4294967279,41
4294967279,39
4294967279,37
4294967279,36
4294967279,34
4294967279,33
4294967279,31
4294967279,30
4294967279,28
4294967279,27
4294967279,25
4294967279,24
4294967279,22
4294967279,19
4294967279,17
4294967279,16
4294967279,15
4294967279,14
4294967279,13
4294967279,9
4294967278,209
4294967278,208
4294967278,207
4294967278,206
4294967278,571
4294967294,5
4294967294,438
4294967294,81
4294967294,50
4294967294,396
4294967294,904
4294967294,409
4294967294,395
4294967294,178
4294967294,385
4294967294,950
4294967294,179
4294967294,167
4294967294,419
4294967294,168
4294967294,183
4294967294,384
4294967294,450
4294967294,180
4294967294,451
4294967294,113
4294967278,570
4294967278,514
4294967278,202
4294967294,38
4294967294,37
4294967294,36
4294967294,39
4294967294,387
4294967294,389
4294967294,114
4294967294,974
4294967294,968
4294967279,377
4294967278,201
4294967278,549
4294967279,202
4294967278,200
4294967278,199
4294967278,196
4294967278,198
164,5
164,4
4294967278,197
164,3
164,2
164,1
4294967278,512
4294967294,40
4294967294,41
4294967278,195
4294967278,194
4294967278,193
4294967294,393
4294967294,44
4294967294,43
4294967294,52
4294967294,89
4294967294,1414
4294967294,912
4294967294,903
4294967294,962
4294967294,966
4294967294,185
4294967294,161
4294967294,919
4294967279,194
4294967278,192
4294967294,53
4294967279,193
4294967278,191
4294967279,192
162,4
4294967278,190
162,3
162,2
162,1
4294967278,337
4294967278,189
4294967278,186
4294967294,92
4294967294,90
4294967294,87
4294967294,86
4294967294,84
4294967279,189
4294967278,315
4294967278,314
4294967279,188
161,5
4294967294,99
4294967294,107
4294967278,185
4294967279,186
4294967278,184
161,4
161,3
161,2
161,1
4294967278,183
4294967278,182
4294967278,181
4294967278,313
4294967279,349
4294967279,397
4294967278,180
160,0
160,6
4294967294,428
4294967294,1419
4294967294,120
4294967294,471
4294967294,469
160,5
4294967279,177
160,4
4294967279,176
160,3
160,2
160,1
4294967294,1418
4294967294,1417
4294967294,390
4294967279,173
159,4
159,3
159,2
159,1
4294967294,424
4294967279,312
4294967279,168
158,5
